% ----- Distribution at level 0 (first lattice):

lvl0 = [
   1 2.05544E-14  0.00187 % a
   2 5.35302E-14  0.00178 % a
   3 5.33828E-14  0.00187 % a
   4 2.05170E-14  0.00183 % a
  19 4.42139E-15  0.00489 % a
  20 4.54898E-15  0.00492 % a
  21 4.67243E-15  0.00473 % a
  22 4.84185E-15  0.00479 % a
  23 4.97186E-15  0.00469 % a
  24 4.87076E-15  0.00469 % a
  25 4.68385E-15  0.00478 % a
  26 4.53466E-15  0.00492 % a
  27 4.38032E-15  0.00523 % a
  59 6.15588E-18  0.05339 % a
  60 4.36787E-15  0.00502 % a
  61 4.61550E-15  0.00483 % a
  62 5.02096E-15  0.00449 % a
  63 5.79856E-15  0.00432 % a
  64 2.69200E-15  0.00496 % a
  65 2.90171E-15  0.00474 % a
  66 2.97990E-15  0.00465 % a
  67 3.03408E-15  0.00487 % a
  68 3.02860E-15  0.00469 % a
  69 3.02198E-15  0.00483 % a
  70 2.97011E-15  0.00489 % a
  71 2.86807E-15  0.00488 % a
  72 2.68181E-15  0.00489 % a
  73 5.78497E-15  0.00437 % a
  74 5.04191E-15  0.00470 % a
  75 4.61260E-15  0.00482 % a
  76 4.36109E-15  0.00509 % a
  77 5.85692E-18  0.05113 % a
 103 4.69239E-15  0.00476 % a
 104 5.56127E-15  0.00445 % a
 105 2.64323E-15  0.00490 % a
 106 2.91112E-15  0.00484 % a
 107 3.11615E-15  0.00454 % a
 108 3.32730E-15  0.00432 % a
 109 3.63321E-15  0.00418 % a
 110 3.79554E-15  0.00434 % a
 111 3.90754E-15  0.00409 % a
 112 3.95757E-15  0.00423 % a
 113 3.95324E-15  0.00414 % a
 114 3.92835E-15  0.00421 % a
 115 3.90807E-15  0.00432 % a
 116 3.77074E-15  0.00423 % a
 117 3.62681E-15  0.00437 % a
 118 3.34432E-15  0.00451 % a
 119 3.10240E-15  0.00468 % a
 120 2.91181E-15  0.00470 % a
 121 2.62820E-15  0.00489 % a
 122 5.48442E-15  0.00445 % a
 123 4.66939E-15  0.00486 % a
 147 5.60275E-15  0.00468 % a
 148 2.74519E-15  0.00492 % a
 149 3.15571E-15  0.00455 % a
 150 3.53255E-15  0.00451 % a
 151 3.79946E-15  0.00415 % a
 152 4.02058E-15  0.00400 % a
 153 4.22334E-15  0.00422 % a
 154 4.38357E-15  0.00397 % a
 155 4.52923E-15  0.00398 % a
 156 4.65398E-15  0.00395 % a
 157 4.66831E-15  0.00386 % a
 158 4.68343E-15  0.00401 % a
 159 4.68804E-15  0.00398 % a
 160 4.63341E-15  0.00394 % a
 161 4.54889E-15  0.00395 % a
 162 4.40435E-15  0.00406 % a
 163 4.23873E-15  0.00409 % a
 164 4.02400E-15  0.00399 % a
 165 3.82695E-15  0.00422 % a
 166 3.52196E-15  0.00467 % a
 167 3.14000E-15  0.00467 % a
 168 2.74497E-15  0.00513 % a
 169 5.58325E-15  0.00464 % a
 191 5.99217E-15  0.00437 % a
 192 3.00718E-15  0.00466 % a
 193 3.55718E-15  0.00452 % a
 194 3.95587E-15  0.00409 % a
 195 4.23261E-15  0.00405 % a
 196 4.51241E-15  0.00411 % a
 197 4.71900E-15  0.00389 % a
 198 4.88698E-15  0.00382 % a
 199 5.04221E-15  0.00368 % a
 200 5.19726E-15  0.00366 % a
 201 5.25812E-15  0.00375 % a
 202 5.33926E-15  0.00357 % a
 203 5.31600E-15  0.00362 % a
 204 5.35964E-15  0.00360 % a
 205 5.27789E-15  0.00373 % a
 206 5.20060E-15  0.00386 % a
 207 5.05435E-15  0.00363 % a
 208 4.88620E-15  0.00377 % a
 209 4.74835E-15  0.00395 % a
 210 4.50429E-15  0.00385 % a
 211 4.25573E-15  0.00408 % a
 212 3.92211E-15  0.00410 % a
 213 3.57902E-15  0.00451 % a
 214 3.01145E-15  0.00494 % a
 215 6.01009E-15  0.00442 % a
 235 6.28369E-15  0.00428 % a
 236 3.15818E-15  0.00469 % a
 237 3.78098E-15  0.00430 % a
 238 4.26464E-15  0.00398 % a
 239 4.60424E-15  0.00395 % a
 240 4.89760E-15  0.00381 % a
 241 5.12106E-15  0.00375 % a
 242 5.31850E-15  0.00368 % a
 243 5.52404E-15  0.00361 % a
 244 5.68677E-15  0.00349 % a
 245 5.81486E-15  0.00336 % a
 246 5.89548E-15  0.00336 % a
 247 5.94658E-15  0.00348 % a
 248 5.97330E-15  0.00350 % a
 249 5.94548E-15  0.00353 % a
 250 5.87973E-15  0.00342 % a
 251 5.80838E-15  0.00352 % a
 252 5.66458E-15  0.00349 % a
 253 5.49604E-15  0.00359 % a
 254 5.31755E-15  0.00365 % a
 255 5.10356E-15  0.00373 % a
 256 4.86378E-15  0.00385 % a
 257 4.56156E-15  0.00387 % a
 258 4.19595E-15  0.00401 % a
 259 3.75701E-15  0.00426 % a
 260 3.15086E-15  0.00467 % a
 261 6.21706E-15  0.00434 % a
 279 6.51552E-15  0.00425 % a
 280 3.28724E-15  0.00438 % a
 281 3.93122E-15  0.00407 % a
 282 4.43871E-15  0.00388 % a
 283 4.83100E-15  0.00386 % a
 284 5.12668E-15  0.00376 % a
 285 5.40441E-15  0.00364 % a
 286 5.72226E-15  0.00349 % a
 287 5.89841E-15  0.00360 % a
 288 6.15581E-15  0.00350 % a
 289 6.28173E-15  0.00337 % a
 290 6.40814E-15  0.00338 % a
 291 6.48265E-15  0.00322 % a
 292 6.52957E-15  0.00339 % a
 293 6.56326E-15  0.00337 % a
 294 6.51519E-15  0.00340 % a
 295 6.42559E-15  0.00336 % a
 296 6.39694E-15  0.00338 % a
 297 6.26676E-15  0.00334 % a
 298 6.10397E-15  0.00323 % a
 299 5.90355E-15  0.00359 % a
 300 5.67390E-15  0.00341 % a
 301 5.41555E-15  0.00361 % a
 302 5.13448E-15  0.00373 % a
 303 4.79878E-15  0.00394 % a
 304 4.40379E-15  0.00389 % a
 305 3.90982E-15  0.00416 % a
 306 3.26985E-15  0.00447 % a
 307 6.48682E-15  0.00428 % a
 323 6.70259E-15  0.00417 % a
 324 3.33964E-15  0.00450 % a
 325 4.01283E-15  0.00402 % a
 326 4.59430E-15  0.00392 % a
 327 4.97373E-15  0.00378 % a
 328 5.34881E-15  0.00355 % a
 329 5.69555E-15  0.00349 % a
 330 5.97785E-15  0.00344 % a
 331 6.26518E-15  0.00340 % a
 332 6.48605E-15  0.00335 % a
 333 6.67604E-15  0.00318 % a
 334 6.85672E-15  0.00326 % a
 335 6.97257E-15  0.00310 % a
 336 7.04746E-15  0.00319 % a
 337 7.11326E-15  0.00317 % a
 338 7.10909E-15  0.00323 % a
 339 7.08999E-15  0.00327 % a
 340 7.02097E-15  0.00325 % a
 341 6.94646E-15  0.00325 % a
 342 6.86428E-15  0.00313 % a
 343 6.62745E-15  0.00313 % a
 344 6.45841E-15  0.00323 % a
 345 6.18977E-15  0.00327 % a
 346 5.93830E-15  0.00353 % a
 347 5.64522E-15  0.00346 % a
 348 5.31324E-15  0.00363 % a
 349 4.96574E-15  0.00365 % a
 350 4.51680E-15  0.00386 % a
 351 4.00340E-15  0.00421 % a
 352 3.35108E-15  0.00446 % a
 353 6.67345E-15  0.00413 % a
 367 6.50015E-15  0.00431 % a
 368 3.33114E-15  0.00440 % a
 369 4.02899E-15  0.00413 % a
 370 4.61732E-15  0.00402 % a
 371 5.11823E-15  0.00364 % a
 372 5.50702E-15  0.00371 % a
 373 5.85885E-15  0.00353 % a
 374 6.17847E-15  0.00320 % a
 375 6.49200E-15  0.00338 % a
 376 6.74852E-15  0.00322 % a
 377 7.00424E-15  0.00326 % a
 378 7.23029E-15  0.00312 % a
 379 7.40466E-15  0.00310 % a
 380 7.52365E-15  0.00304 % a
 381 7.62319E-15  0.00299 % a
 382 7.69947E-15  0.00315 % a
 383 7.70319E-15  0.00303 % a
 384 7.68526E-15  0.00300 % a
 385 7.58468E-15  0.00306 % a
 386 7.50665E-15  0.00296 % a
 387 7.35842E-15  0.00314 % a
 388 7.17977E-15  0.00305 % a
 389 6.96457E-15  0.00309 % a
 390 6.73931E-15  0.00331 % a
 391 6.47405E-15  0.00350 % a
 392 6.14815E-15  0.00343 % a
 393 5.83880E-15  0.00357 % a
 394 5.46886E-15  0.00354 % a
 395 5.08253E-15  0.00365 % a
 396 4.56977E-15  0.00397 % a
 397 4.02580E-15  0.00407 % a
 398 3.33466E-15  0.00463 % a
 399 6.55331E-15  0.00432 % a
 411 6.24061E-15  0.00450 % a
 412 3.26560E-15  0.00435 % a
 413 3.98343E-15  0.00412 % a
 414 4.57889E-15  0.00394 % a
 415 5.09664E-15  0.00374 % a
 416 5.54972E-15  0.00349 % a
 417 5.98213E-15  0.00335 % a
 418 6.31076E-15  0.00335 % a
 419 6.68382E-15  0.00319 % a
 420 6.98173E-15  0.00319 % a
 421 7.28118E-15  0.00312 % a
 422 7.49106E-15  0.00318 % a
 423 7.70110E-15  0.00296 % a
 424 7.91478E-15  0.00307 % a
 425 8.05859E-15  0.00293 % a
 426 8.12853E-15  0.00307 % a
 427 8.19377E-15  0.00293 % a
 428 8.21050E-15  0.00291 % a
 429 8.20897E-15  0.00291 % a
 430 8.14766E-15  0.00298 % a
 431 8.06576E-15  0.00295 % a
 432 7.86849E-15  0.00291 % a
 433 7.68811E-15  0.00297 % a
 434 7.43102E-15  0.00306 % a
 435 7.24300E-15  0.00320 % a
 436 6.94735E-15  0.00324 % a
 437 6.66759E-15  0.00329 % a
 438 6.30896E-15  0.00345 % a
 439 5.94598E-15  0.00347 % a
 440 5.53726E-15  0.00358 % a
 441 5.08140E-15  0.00359 % a
 442 4.59707E-15  0.00386 % a
 443 3.99052E-15  0.00408 % a
 444 3.26568E-15  0.00456 % a
 445 6.32604E-15  0.00444 % a
 455 5.94559E-15  0.00440 % a
 456 3.16205E-15  0.00454 % a
 457 3.87844E-15  0.00427 % a
 458 4.53763E-15  0.00395 % a
 459 5.05080E-15  0.00376 % a
 460 5.57447E-15  0.00353 % a
 461 6.03146E-15  0.00338 % a
 462 6.40898E-15  0.00325 % a
